id,type,geometry-type,coordinates,name
16001,Feature,Polygon,"[-116.51305,43.8081],[-116.283018,43.8081],[-115.97631,43.589022],[-116.266588,43.112528],[-116.51305,43.28779],[-116.51305,43.8081]",Ada County
16003,Feature,Polygon,"[-116.688312,45.270443],[-116.146095,45.106135],[-116.157049,44.498194],[-116.299449,44.443425],[-116.901913,44.843241],[-116.78142,45.07875],[-116.688312,45.270443]",Adams County
16005,Feature,Polygon,"[-112.388914,43.01942],[-112.065774,43.024897],[-111.874081,42.416957],[-112.126021,42.28551],[-112.421776,42.504588],[-112.750392,42.953697],[-112.388914,43.01942]",Bannock County
16007,Feature,Polygon,"[-111.468788,42.592219],[-111.047063,42.515542],[-111.047063,42.000709],[-111.507126,42.000709],[-111.600234,42.416957],[-111.468788,42.592219]",Bear Lake County
16009,Feature,Polygon,"[-116.326834,47.411926],[-116.332311,47.023064],[-117.000498,47.132602],[-117.038836,47.127126],[-117.038836,47.258572],[-117.038836,47.368111],[-116.326834,47.411926]",Benewah County
16011,Feature,Polygon,"[-112.695623,43.621884],[-112.52036,43.627361],[-112.52036,43.424714],[-111.589281,43.282313],[-111.589281,43.01942],[-112.065774,43.024897],[-112.388914,43.01942],[-112.750392,42.953697],[-113.007808,43.112528],[-113.007808,43.282313],[-112.695623,43.621884]",Bingham County
16013,Feature,Polygon,"[-114.656367,43.917638],[-113.796488,43.567114],[-113.007808,43.282313],[-113.007808,43.112528],[-113.23784,42.625081],[-113.473348,42.668896],[-113.413102,43.200159],[-113.714333,43.200159],[-114.377043,43.200159],[-114.716614,43.813577],[-114.990461,43.857392],[-114.968553,43.939546],[-114.656367,43.917638]",Blaine County
16015,Feature,Polygon,"[-115.680555,44.235301],[-115.297169,44.339363],[-114.990461,43.9505],[-115.1712,44.087424],[-115.97631,43.589022],[-116.283018,43.8081],[-116.211818,44.153147],[-115.680555,44.235301]",Boise County
16017,Feature,Polygon,"[-116.836189,48.846885],[-116.786897,48.501838],[-116.04751,48.501838],[-116.04751,48.217037],[-116.04751,47.976051],[-116.310403,48.030821],[-116.321357,47.88842],[-116.567819,47.992482],[-117.044313,47.976051],[-117.044313,48.047251],[-117.033359,48.846885],[-116.836189,48.846885]",Bonner County
16019,Feature,Polygon,"[-111.775497,43.627361],[-111.627619,43.627361],[-111.397588,43.621884],[-111.047063,43.501391],[-111.047063,43.315175],[-111.041587,43.01942],[-111.589281,43.01942],[-111.589281,43.282313],[-112.52036,43.424714],[-112.52036,43.627361],[-111.775497,43.627361]",Bonneville County
16021,Feature,Polygon,"[-116.04751,49.000239],[-116.04751,48.501838],[-116.786897,48.501838],[-116.836189,48.846885],[-117.033359,48.846885],[-117.033359,49.000239],[-116.04751,49.000239]",Boundary County
16023,Feature,Polygon,"[-113.002331,44.235301],[-112.996854,44.235301],[-112.695623,43.972408],[-112.695623,43.621884],[-113.007808,43.282313],[-113.796488,43.567114],[-113.374763,43.8081],[-113.319994,44.235301],[-113.002331,44.235301]",Butte County
16025,Feature,Polygon,"[-114.990461,43.857392],[-114.716614,43.813577],[-114.377043,43.200159],[-114.596121,43.200159],[-114.875445,43.200159],[-115.089045,43.200159],[-114.990461,43.857392]",Camas County
16027,Feature,Polygon,"[-116.97859,43.8793],[-116.71022,43.8081],[-116.51305,43.8081],[-116.51305,43.28779],[-116.989544,43.671176],[-117.027882,43.68213],[-116.97859,43.8793]",Canyon County
16029,Feature,Polygon,"[-112.065774,43.024897],[-111.589281,43.01942],[-111.041587,43.01942],[-111.047063,42.515542],[-111.468788,42.592219],[-111.600234,42.416957],[-111.835743,42.416957],[-111.874081,42.416957],[-112.065774,43.024897]",Caribou County
16031,Feature,Polygon,"[-113.473348,42.668896],[-113.23784,42.625081],[-113.002331,42.329326],[-113.002331,42.000709],[-114.04295,41.995232],[-114.283935,41.995232],[-113.999134,42.526496],[-113.933411,42.537449],[-113.473348,42.668896]",Cassia County
16033,Feature,Polygon,"[-111.616665,44.547487],[-112.153405,44.060039],[-112.50393,44.060039],[-112.695623,43.972408],[-112.996854,44.235301],[-112.816115,44.377701],[-111.616665,44.547487]",Clark County
16035,Feature,Polygon,"[-114.963076,46.935433],[-114.672798,46.738263],[-114.596121,46.634201],[-116.168003,46.371308],[-116.31588,46.426077],[-116.37065,46.464416],[-116.458281,46.628724],[-116.332311,46.935433],[-114.963076,46.935433]",Clearwater County
16037,Feature,Polygon,"[-115.04523,44.750133],[-114.809722,44.81038],[-114.563259,44.574871],[-114.196304,44.859672],[-113.319994,44.235301],[-113.374763,43.8081],[-113.796488,43.567114],[-114.656367,43.917638],[-114.968553,43.939546],[-114.990461,43.9505],[-115.297169,44.339363],[-115.04523,44.750133]",Custer County
16039,Feature,Polygon,"[-114.990461,43.9505],[-114.968553,43.939546],[-114.990461,43.857392],[-115.089045,43.200159],[-115.039753,42.909881],[-115.039753,42.767481],[-116.266588,43.112528],[-115.97631,43.589022],[-115.1712,44.087424],[-114.990461,43.9505]",Elmore County
16041,Feature,Polygon,"[-111.835743,42.416957],[-111.600234,42.416957],[-111.507126,42.000709],[-112.10959,41.995232],[-112.126021,42.28551],[-111.874081,42.416957],[-111.835743,42.416957]",Franklin County
16043,Feature,Polygon,"[-111.37568,44.750133],[-111.047063,44.476286],[-111.047063,43.983362],[-111.397588,43.923115],[-111.978143,43.928592],[-112.153405,44.060039],[-111.616665,44.547487],[-111.479742,44.711795],[-111.37568,44.750133]",Fremont County
16045,Feature,Polygon,"[-116.157049,44.498194],[-116.211818,44.153147],[-116.283018,43.8081],[-116.51305,43.8081],[-116.71022,43.8081],[-116.452804,44.153147],[-116.299449,44.443425],[-116.157049,44.498194]",Gem County
16047,Feature,Polygon,"[-114.875445,43.200159],[-114.596121,43.200159],[-114.596121,42.849635],[-114.618029,42.646988],[-115.039753,42.909881],[-115.089045,43.200159],[-114.875445,43.200159]",Gooding County
16049,Feature,Polygon,"[-114.333228,46.661586],[-114.557782,45.566198],[-114.694706,45.199243],[-115.828432,45.193766],[-116.146095,45.106135],[-116.688312,45.270443],[-116.463758,45.61549],[-116.792374,45.856475],[-116.699266,45.998876],[-116.168003,46.371308],[-114.596121,46.634201],[-114.333228,46.661586]",Idaho County
16051,Feature,Polygon,"[-112.50393,44.060039],[-112.153405,44.060039],[-111.978143,43.928592],[-111.627619,43.627361],[-111.775497,43.627361],[-112.52036,43.627361],[-112.695623,43.621884],[-112.695623,43.972408],[-112.50393,44.060039]",Jefferson County
16053,Feature,Polygon,"[-114.596121,42.849635],[-113.933411,42.767481],[-113.933411,42.537449],[-113.999134,42.526496],[-114.618029,42.646988],[-114.596121,42.849635]",Jerome County
16055,Feature,Polygon,"[-116.567819,47.992482],[-116.321357,47.88842],[-116.326834,47.411926],[-117.038836,47.368111],[-117.044313,47.976051],[-116.567819,47.992482]",Kootenai County
16057,Feature,Polygon,"[-117.000498,47.132602],[-116.332311,47.023064],[-116.332311,46.935433],[-116.458281,46.628724],[-116.644497,46.61777],[-117.038836,46.541093],[-117.038836,47.127126],[-117.000498,47.132602]",Latah County
16059,Feature,Polygon,"[-113.944365,45.68669],[-113.456917,44.865149],[-112.816115,44.377701],[-112.996854,44.235301],[-113.002331,44.235301],[-113.319994,44.235301],[-114.196304,44.859672],[-114.563259,44.574871],[-114.809722,44.81038],[-114.694706,45.199243],[-114.557782,45.566198],[-113.944365,45.68669]",Lemhi County
16061,Feature,Polygon,"[-116.31588,46.426077],[-116.168003,46.371308],[-116.699266,45.998876],[-116.37065,46.464416],[-116.31588,46.426077]",Lewis County
16063,Feature,Polygon,"[-114.377043,43.200159],[-113.714333,43.200159],[-113.933411,42.767481],[-114.596121,42.849635],[-114.596121,43.200159],[-114.377043,43.200159]",Lincoln County
16065,Feature,Polygon,"[-111.978143,43.928592],[-111.397588,43.923115],[-111.397588,43.621884],[-111.627619,43.627361],[-111.978143,43.928592]",Madison County
16067,Feature,Polygon,"[-113.714333,43.200159],[-113.413102,43.200159],[-113.473348,42.668896],[-113.933411,42.537449],[-113.933411,42.767481],[-113.714333,43.200159]",Minidoka County
16069,Feature,Polygon,"[-116.644497,46.61777],[-116.458281,46.628724],[-116.37065,46.464416],[-116.699266,45.998876],[-116.792374,45.856475],[-116.918344,45.993399],[-117.038836,46.426077],[-117.038836,46.541093],[-116.644497,46.61777]",Nez Perce County
16071,Feature,Polygon,"[-112.421776,42.504588],[-112.126021,42.28551],[-112.10959,41.995232],[-112.164359,41.995232],[-113.002331,42.000709],[-113.002331,42.329326],[-112.421776,42.504588]",Oneida County
16073,Feature,Polygon,"[-116.989544,43.671176],[-116.51305,43.28779],[-116.266588,43.112528],[-115.039753,42.767481],[-115.039753,41.995232],[-117.016928,42.000709],[-117.027882,42.000709],[-117.027882,43.68213],[-116.989544,43.671176]",Owyhee County
16075,Feature,Polygon,"[-116.452804,44.153147],[-116.71022,43.8081],[-116.97859,43.8793],[-116.896436,44.153147],[-116.452804,44.153147]",Payette County
16077,Feature,Polygon,"[-112.421776,42.504588],[-113.002331,42.329326],[-113.23784,42.625081],[-113.007808,43.112528],[-112.750392,42.953697],[-112.421776,42.504588]",Power County
16079,Feature,Polygon,"[-116.310403,48.030821],[-116.04751,47.976051],[-115.658647,47.466696],[-114.963076,46.935433],[-116.332311,46.935433],[-116.332311,47.023064],[-116.326834,47.411926],[-116.321357,47.88842],[-116.310403,48.030821]",Shoshone County
16081,Feature,Polygon,"[-111.047063,43.983362],[-111.047063,43.501391],[-111.397588,43.621884],[-111.397588,43.923115],[-111.047063,43.983362]",Teton County
16083,Feature,Polygon,"[-115.039753,42.909881],[-114.618029,42.646988],[-113.999134,42.526496],[-114.283935,41.995232],[-115.039753,41.995232],[-115.039753,42.767481],[-115.039753,42.909881]",Twin Falls County
16085,Feature,Polygon,"[-115.828432,45.193766],[-114.694706,45.199243],[-114.809722,44.81038],[-115.04523,44.750133],[-115.297169,44.339363],[-115.680555,44.235301],[-116.211818,44.153147],[-116.157049,44.498194],[-116.146095,45.106135],[-115.828432,45.193766]",Valley County
16087,Feature,Polygon,"[-116.901913,44.843241],[-116.299449,44.443425],[-116.452804,44.153147],[-116.896436,44.153147],[-117.219575,44.301024],[-116.901913,44.843241]",Washington County